# world_file: world/952_small.world
latitude: 37.357239
longitude: -122.01252
